###########################################
############--TEST PERCEPTRON--############
###########################################

# PROJEKT #

a)
(i)

cykl |  czas |        wektor ucz¹cy |                 waga |       z |       y |       d |            nowa waga
   0 |     0 |              [1 0 0] |              [1 1 1] |       1 |       1 |       0 |              [0 1 1]
   0 |     1 |              [1 0 1] |              [0 1 1] |       1 |       1 |       0 |           [-1  1  0]
   0 |     2 |              [1 1 0] |           [-1  1  0] |       0 |       0 |       1 |              [0 2 0]
   0 |     3 |              [1 1 1] |              [0 2 0] |       2 |       1 |       0 |           [-1  1 -1]
   1 |     4 |              [1 0 0] |           [-1  1 -1] |      -1 |       0 |       0 |           [-1  1 -1]
   1 |     5 |              [1 0 1] |           [-1  1 -1] |      -2 |       0 |       0 |           [-1  1 -1]
   1 |     6 |              [1 1 0] |           [-1  1 -1] |       0 |       0 |       1 |           [ 0  2 -1]
   1 |     7 |              [1 1 1] |           [ 0  2 -1] |       1 |       1 |       0 |           [-1  1 -2]
   2 |     8 |              [1 0 0] |           [-1  1 -2] |      -1 |       0 |       0 |           [-1  1 -2]
   2 |     9 |              [1 0 1] |           [-1  1 -2] |      -3 |       0 |       0 |           [-1  1 -2]
   2 |    10 |              [1 1 0] |           [-1  1 -2] |       0 |       0 |       1 |           [ 0  2 -2]
   2 |    11 |              [1 1 1] |           [ 0  2 -2] |       0 |       0 |       0 |           [ 0  2 -2]
   3 |    12 |              [1 0 0] |           [ 0  2 -2] |       0 |       0 |       0 |           [ 0  2 -2]
   3 |    13 |              [1 0 1] |           [ 0  2 -2] |      -2 |       0 |       0 |           [ 0  2 -2]
   3 |    14 |              [1 1 0] |           [ 0  2 -2] |       2 |       1 |       1 |           [ 0  2 -2]
   3 |    15 |              [1 1 1] |           [ 0  2 -2] |       0 |       0 |       0 |           [ 0  2 -2]

(ii)

cykl |  czas |        wektor ucz¹cy |                 waga |       z |       y |       d |            nowa waga
   0 |     0 |              [1 0 0] |  [-0.12  0.4   0.65] |   -0.12 |       0 |       0 |  [-0.12  0.4   0.65]
   0 |     1 |              [1 0 1] |  [-0.12  0.4   0.65] |    0.53 |       1 |       0 |  [-0.22  0.4   0.55]
   0 |     2 |              [1 1 0] |  [-0.22  0.4   0.55] |    0.18 |       1 |       1 |  [-0.22  0.4   0.55]
   0 |     3 |              [1 1 1] |  [-0.22  0.4   0.55] |    0.73 |       1 |       0 |  [-0.32  0.3   0.45]
   1 |     4 |              [1 0 0] |  [-0.32  0.3   0.45] |   -0.32 |       0 |       0 |  [-0.32  0.3   0.45]
   1 |     5 |              [1 0 1] |  [-0.32  0.3   0.45] |    0.13 |       1 |       0 |  [-0.42  0.3   0.35]
   1 |     6 |              [1 1 0] |  [-0.42  0.3   0.35] |   -0.12 |       0 |       1 |  [-0.32  0.4   0.35]
   1 |     7 |              [1 1 1] |  [-0.32  0.4   0.35] |    0.43 |       1 |       0 |  [-0.42  0.3   0.25]
   2 |     8 |              [1 0 0] |  [-0.42  0.3   0.25] |   -0.42 |       0 |       0 |  [-0.42  0.3   0.25]
   2 |     9 |              [1 0 1] |  [-0.42  0.3   0.25] |   -0.17 |       0 |       0 |  [-0.42  0.3   0.25]
   2 |    10 |              [1 1 0] |  [-0.42  0.3   0.25] |   -0.12 |       0 |       1 |  [-0.32  0.4   0.25]
   2 |    11 |              [1 1 1] |  [-0.32  0.4   0.25] |    0.33 |       1 |       0 |  [-0.42  0.3   0.15]
   3 |    12 |              [1 0 0] |  [-0.42  0.3   0.15] |   -0.42 |       0 |       0 |  [-0.42  0.3   0.15]
   3 |    13 |              [1 0 1] |  [-0.42  0.3   0.15] |   -0.27 |       0 |       0 |  [-0.42  0.3   0.15]
   3 |    14 |              [1 1 0] |  [-0.42  0.3   0.15] |   -0.12 |       0 |       1 |  [-0.32  0.4   0.15]
   3 |    15 |              [1 1 1] |  [-0.32  0.4   0.15] |    0.23 |       1 |       0 |  [-0.42  0.3   0.05]
   4 |    16 |              [1 0 0] |  [-0.42  0.3   0.05] |   -0.42 |       0 |       0 |  [-0.42  0.3   0.05]
   4 |    17 |              [1 0 1] |  [-0.42  0.3   0.05] |   -0.37 |       0 |       0 |  [-0.42  0.3   0.05]
   4 |    18 |              [1 1 0] |  [-0.42  0.3   0.05] |   -0.12 |       0 |       1 |  [-0.32  0.4   0.05]
   4 |    19 |              [1 1 1] |  [-0.32  0.4   0.05] |    0.13 |       1 |       0 |  [-0.42  0.3  -0.05]
   5 |    20 |              [1 0 0] |  [-0.42  0.3  -0.05] |   -0.42 |       0 |       0 |  [-0.42  0.3  -0.05]
   5 |    21 |              [1 0 1] |  [-0.42  0.3  -0.05] |   -0.47 |       0 |       0 |  [-0.42  0.3  -0.05]
   5 |    22 |              [1 1 0] |  [-0.42  0.3  -0.05] |   -0.12 |       0 |       1 |  [-0.32  0.4  -0.05]
   5 |    23 |              [1 1 1] |  [-0.32  0.4  -0.05] |    0.03 |       1 |       0 |  [-0.42  0.3  -0.15]
   6 |    24 |              [1 0 0] |  [-0.42  0.3  -0.15] |   -0.42 |       0 |       0 |  [-0.42  0.3  -0.15]
   6 |    25 |              [1 0 1] |  [-0.42  0.3  -0.15] |   -0.57 |       0 |       0 |  [-0.42  0.3  -0.15]
   6 |    26 |              [1 1 0] |  [-0.42  0.3  -0.15] |   -0.12 |       0 |       1 |  [-0.32  0.4  -0.15]
   6 |    27 |              [1 1 1] |  [-0.32  0.4  -0.15] |   -0.07 |       0 |       0 |  [-0.32  0.4  -0.15]
   7 |    28 |              [1 0 0] |  [-0.32  0.4  -0.15] |   -0.32 |       0 |       0 |  [-0.32  0.4  -0.15]
   7 |    29 |              [1 0 1] |  [-0.32  0.4  -0.15] |   -0.47 |       0 |       0 |  [-0.32  0.4  -0.15]
   7 |    30 |              [1 1 0] |  [-0.32  0.4  -0.15] |    0.08 |       1 |       1 |  [-0.32  0.4  -0.15]
   7 |    31 |              [1 1 1] |  [-0.32  0.4  -0.15] |   -0.07 |       0 |       0 |  [-0.32  0.4  -0.15]

b)

(i)

cykl |            nowa waga
   0 |           [-2  0 -1]
   1 |           [-1  1 -1]
   2 |           [ 0  2 -1]
   3 |           [-1  1 -2]
   4 |           [ 0  2 -2]
   5 |           [ 0  2 -2]

(ii)

cykl |            nowa waga
   0 |  [-0.32  0.3   0.45]
   1 |  [-0.42  0.3   0.25]
   2 |  [-0.42  0.3   0.15]
   3 |  [-0.42  0.3   0.05]
   4 |  [-0.32  0.4   0.05]
   5 |  [-0.42  0.3  -0.05]
   6 |  [-0.32  0.4  -0.05]
   7 |  [-0.42  0.3  -0.15]
   8 |  [-0.32  0.4  -0.15]
   9 |  [-0.32  0.4  -0.15]
###########################################
#############--TEST HOPFIELD--#############
###########################################

# PROJEKT #

sync)

Hopfield | 3 wejœæ 	| tryb: synchroniczny 	| funkcja aktywacji: Step1-1
 wagi = 
[[ 0.         -0.66666667  0.66666667]
 [-0.66666667  0.         -0.66666667]
 [ 0.66666667 -0.66666667  0.        ]]
czas |                    v |                                        u |               nowe v
   0 |           [-1 -1 -1] |    [ 0.          1.33333333  0.        ] |           [-1  1 -1]
   1 |           [-1  1 -1] |    [-1.33333333  1.33333333 -1.33333333] |           [-1  1 -1]
[-1 -1 -1] => [-1  1 -1] t=1
czas |                    v |                                        u |               nowe v
   0 |           [-1 -1  1] |    [ 1.33333333  0.          0.        ] |           [ 1 -1 -1]
   1 |           [ 1 -1 -1] |    [ 0.          0.          1.33333333] |           [-1 -1  1]
[-1 -1  1] => (array([ 1, -1, -1]), array([-1, -1,  1])) t=1
czas |                    v |                                        u |               nowe v
   0 |           [-1  1 -1] |    [-1.33333333  1.33333333 -1.33333333] |           [-1  1 -1]
[-1  1 -1] => [-1  1 -1] t=0
czas |                    v |                                        u |               nowe v
   0 |           [-1  1  1] |    [ 0.          0.         -1.33333333] |           [-1 -1 -1]
   1 |           [-1 -1 -1] |    [ 0.          1.33333333  0.        ] |           [-1  1 -1]
   2 |           [-1  1 -1] |    [-1.33333333  1.33333333 -1.33333333] |           [-1  1 -1]
[-1  1  1] => [-1  1 -1] t=2
czas |                    v |                                        u |               nowe v
   0 |           [ 1 -1 -1] |    [ 0.          0.          1.33333333] |           [-1 -1  1]
   1 |           [-1 -1  1] |    [ 1.33333333  0.          0.        ] |           [ 1 -1 -1]
[ 1 -1 -1] => (array([-1, -1,  1]), array([ 1, -1, -1])) t=1
czas |                    v |                                        u |               nowe v
   0 |           [ 1 -1  1] |    [ 1.33333333 -1.33333333  1.33333333] |           [ 1 -1  1]
[ 1 -1  1] => [ 1 -1  1] t=0
czas |                    v |                                        u |               nowe v
   0 |           [ 1  1 -1] |    [-1.33333333  0.          0.        ] |           [-1 -1 -1]
   1 |           [-1 -1 -1] |    [ 0.          1.33333333  0.        ] |           [-1  1 -1]
   2 |           [-1  1 -1] |    [-1.33333333  1.33333333 -1.33333333] |           [-1  1 -1]
[ 1  1 -1] => [-1  1 -1] t=2
czas |                    v |                                        u |               nowe v
   0 |              [1 1 1] |    [ 0.         -1.33333333  0.        ] |           [-1 -1 -1]
   1 |           [-1 -1 -1] |    [ 0.          1.33333333  0.        ] |           [-1  1 -1]
   2 |           [-1  1 -1] |    [-1.33333333  1.33333333 -1.33333333] |           [-1  1 -1]
[1 1 1] => [-1  1 -1] t=2

async)

Hopfield | 3 wejœæ 	| tryb: asynchroniczny 	| funkcja aktywacji: Step1-1
 wagi = 
[[ 0.         -0.66666667  0.66666667]
 [-0.66666667  0.         -0.66666667]
 [ 0.66666667 -0.66666667  0.        ]]
czas |                    v |                                        u |               nowe v
   0 |           [-1 -1 -1] |    [ 0.          1.33333333  0.        ] |           [-1 -1 -1]
   0 |           [-1 -1 -1] |    [ 0.          1.33333333  0.        ] |           [-1  1 -1]
   0 |           [-1  1 -1] |    [-1.33333333  1.33333333 -1.33333333] |           [-1  1 -1]
   1 |           [-1  1 -1] |    [-1.33333333  1.33333333 -1.33333333] |           [-1  1 -1]
   1 |           [-1  1 -1] |    [-1.33333333  1.33333333 -1.33333333] |           [-1  1 -1]
   1 |           [-1  1 -1] |    [-1.33333333  1.33333333 -1.33333333] |           [-1  1 -1]
[-1 -1 -1] => [-1  1 -1] t=1
czas |                    v |                                        u |               nowe v
   0 |           [-1 -1  1] |    [ 1.33333333  0.          0.        ] |           [ 1 -1  1]
   0 |           [ 1 -1  1] |    [ 1.33333333 -1.33333333  1.33333333] |           [ 1 -1  1]
   0 |           [ 1 -1  1] |    [ 1.33333333 -1.33333333  1.33333333] |           [ 1 -1  1]
   1 |           [ 1 -1  1] |    [ 1.33333333 -1.33333333  1.33333333] |           [ 1 -1  1]
   1 |           [ 1 -1  1] |    [ 1.33333333 -1.33333333  1.33333333] |           [ 1 -1  1]
   1 |           [ 1 -1  1] |    [ 1.33333333 -1.33333333  1.33333333] |           [ 1 -1  1]
[-1 -1  1] => [ 1 -1  1] t=1
czas |                    v |                                        u |               nowe v
   0 |           [-1  1 -1] |    [-1.33333333  1.33333333 -1.33333333] |           [-1  1 -1]
   0 |           [-1  1 -1] |    [-1.33333333  1.33333333 -1.33333333] |           [-1  1 -1]
   0 |           [-1  1 -1] |    [-1.33333333  1.33333333 -1.33333333] |           [-1  1 -1]
[-1  1 -1] => [-1  1 -1] t=0
czas |                    v |                                        u |               nowe v
   0 |           [-1  1  1] |    [ 0.          0.         -1.33333333] |           [-1  1  1]
   0 |           [-1  1  1] |    [ 0.          0.         -1.33333333] |           [-1 -1  1]
   0 |           [-1 -1  1] |    [ 1.33333333  0.          0.        ] |           [-1 -1 -1]
   1 |           [-1 -1 -1] |    [ 0.          1.33333333  0.        ] |           [-1 -1 -1]
   1 |           [-1 -1 -1] |    [ 0.          1.33333333  0.        ] |           [-1  1 -1]
   1 |           [-1  1 -1] |    [-1.33333333  1.33333333 -1.33333333] |           [-1  1 -1]
   2 |           [-1  1 -1] |    [-1.33333333  1.33333333 -1.33333333] |           [-1  1 -1]
   2 |           [-1  1 -1] |    [-1.33333333  1.33333333 -1.33333333] |           [-1  1 -1]
   2 |           [-1  1 -1] |    [-1.33333333  1.33333333 -1.33333333] |           [-1  1 -1]
[-1  1  1] => [-1  1 -1] t=2
czas |                    v |                                        u |               nowe v
   0 |           [ 1 -1 -1] |    [ 0.          0.          1.33333333] |           [-1 -1 -1]
   0 |           [-1 -1 -1] |    [ 0.          1.33333333  0.        ] |           [-1  1 -1]
   0 |           [-1  1 -1] |    [-1.33333333  1.33333333 -1.33333333] |           [-1  1 -1]
   1 |           [-1  1 -1] |    [-1.33333333  1.33333333 -1.33333333] |           [-1  1 -1]
   1 |           [-1  1 -1] |    [-1.33333333  1.33333333 -1.33333333] |           [-1  1 -1]
   1 |           [-1  1 -1] |    [-1.33333333  1.33333333 -1.33333333] |           [-1  1 -1]
[ 1 -1 -1] => [-1  1 -1] t=1
czas |                    v |                                        u |               nowe v
   0 |           [ 1 -1  1] |    [ 1.33333333 -1.33333333  1.33333333] |           [ 1 -1  1]
   0 |           [ 1 -1  1] |    [ 1.33333333 -1.33333333  1.33333333] |           [ 1 -1  1]
   0 |           [ 1 -1  1] |    [ 1.33333333 -1.33333333  1.33333333] |           [ 1 -1  1]
[ 1 -1  1] => [ 1 -1  1] t=0
czas |                    v |                                        u |               nowe v
   0 |           [ 1  1 -1] |    [-1.33333333  0.          0.        ] |           [-1  1 -1]
   0 |           [-1  1 -1] |    [-1.33333333  1.33333333 -1.33333333] |           [-1  1 -1]
   0 |           [-1  1 -1] |    [-1.33333333  1.33333333 -1.33333333] |           [-1  1 -1]
   1 |           [-1  1 -1] |    [-1.33333333  1.33333333 -1.33333333] |           [-1  1 -1]
   1 |           [-1  1 -1] |    [-1.33333333  1.33333333 -1.33333333] |           [-1  1 -1]
   1 |           [-1  1 -1] |    [-1.33333333  1.33333333 -1.33333333] |           [-1  1 -1]
[ 1  1 -1] => [-1  1 -1] t=1
czas |                    v |                                        u |               nowe v
   0 |              [1 1 1] |    [ 0.         -1.33333333  0.        ] |           [-1  1  1]
   0 |           [-1  1  1] |    [ 0.          0.         -1.33333333] |           [-1 -1  1]
   0 |           [-1 -1  1] |    [ 1.33333333  0.          0.        ] |           [-1 -1 -1]
   1 |           [-1 -1 -1] |    [ 0.          1.33333333  0.        ] |           [-1 -1 -1]
   1 |           [-1 -1 -1] |    [ 0.          1.33333333  0.        ] |           [-1  1 -1]
   1 |           [-1  1 -1] |    [-1.33333333  1.33333333 -1.33333333] |           [-1  1 -1]
   2 |           [-1  1 -1] |    [-1.33333333  1.33333333 -1.33333333] |           [-1  1 -1]
   2 |           [-1  1 -1] |    [-1.33333333  1.33333333 -1.33333333] |           [-1  1 -1]
   2 |           [-1  1 -1] |    [-1.33333333  1.33333333 -1.33333333] |           [-1  1 -1]
[1 1 1] => [-1  1 -1] t=2
###########################################
###############--TEST  XOR--###############
###########################################

# PROJEKT #

--przed uczeniem--
>warstwa 0
[Perceptron | wagi = [0.86, -0.16, 0.28] | funkcja: Sinusoidalna
 Perceptron | wagi = [0.83, -0.51, -0.86] | funkcja: Sinusoidalna]
>warstwa 1
[Perceptron | wagi = [0.04, -0.43, 0.48] | funkcja: Sinusoidalna]
stale wejscia w warstwach: [1 1]

--po uczeniu (5000 iteracji) cz¹stkowym--
>warstwa 0
[ Perceptron | wagi = [ 3.19959088 -6.16798553  6.12785469] | funkcja: Sinusoidalna
 Perceptron | wagi = [-2.75470725 -5.38904654  5.11710946] | funkcja: Sinusoidalna]
>warstwa 1
[ Perceptron | wagi = [ 3.85652867 -8.29019734  8.81341443] | funkcja: Sinusoidalna]
stale wejscia w warstwach: [1 1]
[1 0]  =>  [ 0.96934756]
[0 1]  =>  [ 0.97396111]
[0 0]  =>  [ 0.02707703]
[1 1]  =>  [ 0.02439717]

--po uczeniu (20000 iteracji) ca³kowitym--
>warstwa 0
[ Perceptron | wagi = [  7.71852804 -11.19151526   6.41822791] | funkcja: Sinusoidalna
 Perceptron | wagi = [-1.62884625 -6.39382738  3.94977566] | funkcja: Sinusoidalna]
>warstwa 1
[ Perceptron | wagi = [ 4.08246776 -9.02942988  9.23938194] | funkcja: Sinusoidalna]
stale wejscia w warstwach: [1 1]
[1 0]  =>  [ 0.97841204]
[0 1]  =>  [ 0.96971605]
[0 0]  =>  [ 0.03143791]
[1 1]  =>  [ 0.01285428]
